[
  [4,1],[2,2],[1,4],[1,5],[2,7],[4,8],[6,7],[7,5],[7,4],[6,2],
  [4,11],[2,12],[1,14],[1,15],[2,17],[4,18],[6,17],[7,15],[7,14],[6,12],
  [4,21],[2,22],[1,24],[1,25],[2,27],[4,28],[6,27],[7,25],[7,24],[6,22],
  [4,31],[2,32],[1,34],[1,35],[2,37],[4,38],[6,37],[7,35],[7,34],[6,32],
  [14,1],[12,2],[11,4],[11,5],[12,7],[14,8],[16,7],[17,5],[17,4],[16,2],
  [14,11],[12,12],[11,14],[11,15],[12,17],[14,18],[16,17],[17,15],[17,14],[16,12],
  [14,21],[12,22],[11,24],[11,25],[12,27],[14,28],[16,27],[17,25],[17,24],[16,22],
  [14,31],[12,32],[11,34],[11,35],[12,37],[14,38],[16,37],[17,35],[17,34],[16,32],
  [24,1],[22,2],[21,4],[21,5],[22,7],[24,8],[26,7],[27,5],[27,4],[26,2],
  [24,11],[22,12],[21,14],[21,15],[22,17],[24,18],[26,17],[27,15],[27,14],[26,12],
  [24,21],[22,22],[21,24],[21,25],[22,27],[24,28],[26,27],[27,25],[27,24],[26,22],
  [24,31],[22,32],[21,34],[21,35],[22,37],[24,38],[26,37],[27,35],[27,34],[26,32],
  [34,1],[32,2],[31,4],[31,5],[32,7],[34,8],[36,7],[37,5],[37,4],[36,2],
  [34,11],[32,12],[31,14],[31,15],[32,17],[34,18],[36,17],[37,15],[37,14],[36,12],
  [34,21],[32,22],[31,24],[31,25],[32,27],[34,28],[36,27],[37,25],[37,24],[36,22],
  [34,31],[32,32],[31,34],[31,35],[32,37],[34,38],[36,37],[37,35],[37,34],[36,32],
]
